-3  0.357175  1.38999  2.47484  1.38884  -1
-2.94  0.386721  1.38999  2.28575  1.38885  -0.920504
-2.88  0.415834  1.38999  2.12572  1.38886  -0.847845
-2.82  0.444372  1.38999  1.98921  1.38887  -0.781341
-2.76  0.472214  1.39  1.87197  1.38888  -0.720398
-2.7  0.499259  1.39  1.77063  1.3889  -0.664495
-2.64  0.525425  1.39  1.68255  1.38893  -0.613169
-2.58  0.550646  1.39  1.6056  1.38895  -0.566008
-2.52  0.574875  1.39001  1.53808  1.38898  -0.522645
-2.46  0.598078  1.39001  1.47858  1.38902  -0.48275
-2.4  0.620234  1.39001  1.42596  1.38905  -0.446024
-2.34  0.641334  1.39002  1.37926  1.38909  -0.412199
-2.28  0.66138  1.39002  1.33769  1.38912  -0.381031
-2.22  0.680382  1.39003  1.30059  1.38916  -0.352297
-2.16  0.698356  1.39003  1.26738  1.3892  -0.325796
-2.1  0.715327  1.39004  1.2376  1.38925  -0.301344
-2.04  0.731323  1.39004  1.21082  1.38929  -0.278771
-1.98  0.746375  1.39005  1.1867  1.38934  -0.257925
-1.92  0.76052  1.39006  1.16494  1.38938  -0.238664
-1.86  0.773795  1.39006  1.14527  1.38943  -0.22086
-1.8  0.786239  1.39007  1.12746  1.38948  -0.204392
-1.74  0.797891  1.39008  1.11132  1.38953  -0.189153
-1.68  0.808793  1.39009  1.09666  1.38958  -0.175042
-1.62  0.818984  1.3901  1.08333  1.38962  -0.161967
-1.56  0.828504  1.39011  1.0712  1.38967  -0.149844
-1.5  0.837392  1.39012  1.06014  1.38972  -0.138595
-1.44  0.845687  1.39013  1.05005  1.38977  -0.128147
-1.38  0.853425  1.39014  1.04083  1.38982  -0.118436
-1.32  0.860642  1.39015  1.03239  1.38987  -0.109399
-1.26  0.867374  1.39016  1.02466  1.38992  -0.10098
-1.2  0.873653  1.39017  1.01758  1.38997  -0.0931273
-1.14  0.879511  1.39018  1.01106  1.39002  -0.085793
-1.08  0.884978  1.39019  1.00507  1.39007  -0.0789322
-1.02  0.890084  1.3902  0.999544  1.39012  -0.0725037
-0.96  0.894855  1.39021  0.994441  1.39016  -0.0664693
-0.9  0.899319  1.39022  0.989718  1.39021  -0.0607934
-0.84  0.9035  1.39023  0.985337  1.39026  -0.0554429
-0.78  0.907423  1.39024  0.981261  1.3903  -0.0503871
-0.72  0.911109  1.39025  0.977458  1.39035  -0.0455971
-0.66  0.914581  1.39026  0.973898  1.39039  -0.0410459
-0.6  0.91786  1.39027  0.970554  1.39044  -0.0367082
-0.54  0.920965  1.39028  0.967399  1.39048  -0.0325603
-0.48  0.923915  1.39029  0.964409  1.39052  -0.0285795
-0.42  0.926729  1.3903  0.961563  1.39056  -0.0247445
-0.36  0.929424  1.39031  0.958837  1.39061  -0.0210349
-0.3  0.932018  1.39032  0.956214  1.39065  -0.0174312
-0.24  0.934527  1.39033  0.953672  1.39069  -0.0139146
-0.18  0.936969  1.39034  0.951195  1.39072  -0.010467
-0.12  0.939358  1.39035  0.948764  1.39076  -0.00707049
-0.06  0.941713  1.39036  0.946363  1.3908  -0.00370789
0  0.944047  1.39036  0.943974  1.39083  -0.000362024
0.06  0.946378  1.39037  0.941582  1.39087  0.0029841
0.12  0.948723  1.39038  0.93917  1.3909  0.0063475
0.18  0.951097  1.39038  0.936722  1.39094  0.00974528
0.24  0.953518  1.39039  0.934222  1.39097  0.0131948
0.3  0.956004  1.39039  0.931655  1.391  0.0167138
0.36  0.958572  1.39039  0.929003  1.39103  0.0203205
0.42  0.961243  1.3904  0.92625  1.39106  0.0240336
0.48  0.964036  1.3904  0.923379  1.39109  0.0278727
0.54  0.966972  1.3904  0.920371  1.39112  0.0318581
0.6  0.970075  1.3904  0.917209  1.39115  0.0360113
0.66  0.973368  1.3904  0.913874  1.39117  0.0403548
0.72  0.976877  1.3904  0.910346  1.3912  0.0449125
0.78  0.98063  1.3904  0.906604  1.39123  0.0497098
0.84  0.984657  1.39039  0.902627  1.39125  0.0547735
0.9  0.988991  1.39039  0.898392  1.39127  0.0601325
0.96  0.993668  1.39038  0.893876  1.39129  0.0658176
1.02  0.998725  1.39038  0.889052  1.39132  0.0718621
1.08  1.00421  1.39037  0.883896  1.39134  0.0783013
1.14  1.01016  1.39037  0.878379  1.39136  0.0851737
1.2  1.01663  1.39036  0.872473  1.39137  0.0925204
1.26  1.02367  1.39035  0.866148  1.39139  0.100386
1.32  1.03136  1.39034  0.859372  1.39141  0.108819
1.38  1.03976  1.39033  0.852111  1.39143  0.117871
1.44  1.04894  1.39032  0.844332  1.39144  0.127598
1.5  1.059  1.39031  0.835998  1.39146  0.138062
1.56  1.07002  1.3903  0.827073  1.39147  0.149329
1.62  1.08212  1.39028  0.817519  1.39148  0.161471
1.68  1.09541  1.39027  0.807297  1.3915  0.174565
1.74  1.11003  1.39026  0.796367  1.39151  0.188696
1.8  1.12615  1.39024  0.78469  1.39152  0.203956
1.86  1.14393  1.39023  0.772224  1.39153  0.220446
1.92  1.16357  1.39021  0.758931  1.39154  0.238274
1.98  1.1853  1.3902  0.744772  1.39155  0.257558
2.04  1.20938  1.39018  0.72971  1.39156  0.278429
2.1  1.23613  1.39017  0.713709  1.39156  0.301026
2.16  1.26588  1.39015  0.696738  1.39157  0.325504
2.22  1.29905  1.39014  0.678768  1.39158  0.352031
2.28  1.33612  1.39012  0.659776  1.39158  0.38079
2.34  1.37766  1.39011  0.639746  1.39159  0.411985
2.4  1.42431  1.3901  0.618667  1.39159  0.445836
2.46  1.47689  1.39008  0.596539  1.3916  0.482588
2.52  1.53634  1.39007  0.57337  1.3916  0.522509
2.58  1.60381  1.39006  0.549181  1.3916  0.565896
2.64  1.68069  1.39005  0.524006  1.3916  0.61308
2.7  1.7687  1.39004  0.497893  1.39161  0.664428
2.76  1.86996  1.39003  0.470907  1.39161  0.720351
2.82  1.9871  1.39003  0.44313  1.39161  0.781311
2.88  2.12348  1.39002  0.414663  1.39161  0.847829
2.94  2.28336  1.39002  0.385626  1.39161  0.920499
3  2.47227  1.39002  0.35616  1.39161  1
